#-----------------------------------------------------------------------------
# Date d'extraction : 31/10/2025 - 15h46 loc.
#-----------------------------------------------------------------------------
# Producteur : MF_DCSC
# Experience : TRACC2023_DISTRIBUTION
# Modele     : MIN
#-----------------------------------------------------------------------------
# Niveaux de réchauffement :
#     REF : Référence
#-----------------------------------------------------------------------------
# Type d'indice : annuel
#-----------------------------------------------------------------------------
# Indices : 
#     NORTMm_yr : Température moyenne annuelle (°C)
#     NORTMm_seas_JJA : Température moyenne en été (°C)
#     NORTMm_seas_DJF : Température moyenne en hiver (°C)
#     NORTXm_seas_JJA : Température maximale en été (°C)
#     NORTX35D_yr : Nombre de jours avec Tx >= 35°C (jour(s))
#     NORTX30D_yr : Nombre de jours avec Tx >= 30°C (jour(s))
#     NORTR_yr : Nombre de nuits tropicales (jour(s))
#     NORRR_yr : Cumul de précipitations annuelles (mm)
#     NORRR_seas_JJA : Cumul de précipitations en été (mm)
#     NORRR_seas_DJF : Cumul de précipitations en hiver (mm)
#     NORRRq99_yr : Cumul de précipitations quotidiennes remarquables (percentile 99 du cumul  quotidien) (mm)
#     NORRx1d_yr : Intensité des précipitations extrêmes (max annuel des  précipitations totales) (mm)
#     NORRRq99refD_yr : Fréquence des précipitations quotidienne remarquables (jour(s))
#     NORIFM40_yr : Indicateur feux météo nombre de jours supérieurs à 40 (jour(s))
#     NORSWI04_yr : Nombre de jours avec SWI < 0.4 (jour(s))
#-----------------------------------------------------------------------------
# Format des enregistrements 
# Point;Latitude;Longitude;Niveau;NORTMm_yr;NORTMm_seas_JJA;NORTMm_seas_DJF;NORTXm_seas_JJA;NORTX35D_yr;NORTX30D_yr;NORTR_yr;NORRR_yr;NORRR_seas_JJA;NORRR_seas_DJF;NORRRq99_yr;NORRx1d_yr;NORRRq99refD_yr;NORIFM40_yr;NORSWI04_yr;
#-----------------------------------------------------------------------------
4034;43.5074;-1.369;REF;13.58;19.85;7.31;23.76;0.3;7.9;6.9;1145.3;194.3;304.94;30.36;43.13;3.6;0;50;
4035;43.5107;-1.2704;REF;13.58;20.37;6.82;25.03;0.7;14.6;6.2;1194.5;204.62;316.48;31.17;44.71;3.6;0;48;
4037;43.5171;-1.073;REF;13.51;20.29;6.77;24.87;0.6;13.9;6.2;1205.23;205.25;316.65;30.88;45.89;3.6;0;43;
4176;43.5758;-1.4725;REF;13.65;19.94;7.37;23.89;0.4;8.3;7;1141.94;195.86;303.16;29.72;41.95;3.6;0;44;
4177;43.5792;-1.3737;REF;13.58;19.85;7.32;23.77;0.4;7.9;6.8;1148.11;196.98;304.41;29.91;42.15;3.6;0;50;
4178;43.5825;-1.2749;REF;13.5;20.28;6.78;24.88;0.7;13.8;6.3;1203.24;207.27;318.7;31.19;44.45;3.6;0;49;
4179;43.5858;-1.1761;REF;13.52;20.31;6.79;24.91;0.7;13.9;6.2;1201.5;206.96;318.01;31.16;44.39;3.6;0;47;
4180;43.589;-1.0773;REF;13.36;20.1;6.68;24.59;0.6;13;6;1216.65;205.74;320.8;30.93;45.37;3.6;0;42;
4181;43.592;-0.9784;REF;13.3;20.03;6.64;24.47;0.6;12.5;5.9;1221.99;207.26;322.38;31.1;46.77;3.6;0;40;
4182;43.595;-0.8796;REF;13.29;20.02;6.63;24.44;0.6;12.3;5.9;1222.91;207.46;321.49;31.33;46.81;3.6;0;43;
4183;43.5979;-0.7807;REF;13.35;20.1;6.67;24.57;0.6;12.9;6.1;1215.01;203.17;321.14;31.11;45.35;3.5;0;39;
4184;43.6007;-0.6819;REF;13.31;20.41;6.41;25.22;1.3;16;4.7;995.63;175.28;252.79;25.91;38.69;3.6;0;53;
4185;43.6034;-0.583;REF;13.23;20.31;6.34;25.08;1.2;15.2;4.6;1001.37;175.55;255.08;26.1;38.18;3.6;0;52;
4186;43.6061;-0.4841;REF;13.02;20.04;6.18;24.71;1.1;13.4;4.2;1018.77;177.66;260.71;26.79;38;3.5;0;52;
4187;43.6086;-0.3852;REF;13.02;20.05;6.19;24.72;1.1;13.4;4.3;1018.37;177.56;260.88;26.65;38.04;3.5;0;52;
4188;43.6111;-0.2863;REF;12.87;19.87;6.08;24.45;1;12.3;3.8;1026.88;182.05;261.79;26.82;41;3.6;0;46;
4320;43.651;-1.3784;REF;13.62;19.91;7.35;23.84;0.4;8.1;7;1144.29;196.27;305.06;29.74;41.8;3.6;0;44;
4321;43.6544;-1.2795;REF;13.54;20.32;6.8;24.95;0.7;13.9;6.3;1199.79;206.69;317.8;31.11;44.33;3.6;0;37;
4322;43.6576;-1.1805;REF;13.58;20.37;6.83;25.01;0.7;14.1;6.3;1196.39;206.11;316.66;31.01;44.2;3.6;0;52;
4323;43.6608;-1.0816;REF;13.55;20.34;6.81;24.97;0.6;14.3;6.1;1198.11;202.52;316.6;30.76;44.06;3.6;0;55;
4324;43.6639;-0.9826;REF;13.51;20.29;6.78;24.88;0.7;14.1;6.4;1202.66;201.8;317.04;30.53;44.71;3.5;0;43;
4325;43.6669;-0.8837;REF;13.48;20.25;6.76;24.81;0.7;13.9;6.4;1205.99;202.37;316.6;31.09;44.82;3.5;0;46;
4326;43.6698;-0.7847;REF;13.35;20.1;6.67;24.57;0.6;13;6.2;1217.03;203.19;321.15;31.16;45.13;3.6;0;39;
4327;43.6726;-0.6857;REF;13.31;20.41;6.41;25.22;1.3;15.8;4.9;996.07;172.47;252.79;25.91;38.3;3.6;0;60;
4328;43.6753;-0.5867;REF;13.23;20.31;6.34;25.08;1.2;15.2;4.6;1001.33;175.56;255.11;26.1;38.18;3.6;0;49;
4329;43.6779;-0.4877;REF;13.23;20.31;6.34;25.07;1.2;15.1;4.5;1002.61;174.8;256.81;26.43;37.49;3.5;0;53;
4330;43.6805;-0.3887;REF;13.06;20.1;6.22;24.77;1.1;13.6;4.3;1013.48;176.99;259.6;26.37;37.73;3.5;0;47;
4331;43.6829;-0.2896;REF;13.01;20.03;6.18;24.68;1.1;13.2;4.2;1017.52;177.7;260.38;26.49;37.86;3.5;0;46;
4463;43.7228;-1.3831;REF;13.6;19.88;7.34;23.81;0.3;8.1;7;1139.81;194.77;304.76;29.78;41.85;3.6;0;39;
4464;43.7262;-1.284;REF;13.47;19.72;7.23;23.57;0.2;7.5;6.8;1151.51;196.91;307.08;30.29;42.56;3.6;0;27;
4465;43.7295;-1.185;REF;13.44;20.2;6.73;24.74;0.7;13.5;5.9;1205.01;204.16;320.27;30.76;45.2;3.5;0;25;
4466;43.7326;-1.0859;REF;13.56;20.35;6.82;24.99;0.7;14.3;6.2;1193.09;202.12;316.27;30.53;44.02;3.6;0;42;
4467;43.7357;-0.9868;REF;13.61;20.41;6.85;25.08;0.8;14.8;6.7;1191.29;198.99;315.22;30.6;43.86;3.6;0;46;
4468;43.7387;-0.8877;REF;13.12;20.49;5.95;25.63;1.4;18.7;5;973.11;177.89;247.63;25.59;38.18;3.5;0;63;
4469;43.7416;-0.7886;REF;13.06;20.42;5.92;25.51;1.3;18.2;4.9;977.38;178.51;249.19;25.19;38.84;3.6;0;59;
4470;43.7444;-0.6895;REF;13.06;20.41;5.91;25.5;1.3;18;4.7;977.6;175.74;249.3;25.2;39.36;3.6;0;56;
4471;43.7472;-0.5904;REF;13.01;20.36;5.88;25.41;1.3;17.6;4.8;980.91;176.46;250.38;25.69;39;3.6;0;56;
4472;43.7498;-0.4912;REF;12.91;20.22;5.8;25.18;1.1;16.3;4.8;987.27;177.65;253.73;25.82;36.89;3.6;0;50;
4473;43.7523;-0.3921;REF;12.83;20.12;5.75;25.02;1.1;15.5;4.8;992.01;179.5;255.41;25.99;37.11;3.6;0;45;
4474;43.7548;-0.293;REF;12.86;20.16;5.78;25.09;1.2;16;4.8;989.07;179.01;253.8;25.7;37.3;3.5;0;51;
4606;43.7947;-1.3878;REF;13.65;19.93;7.37;23.88;0.4;8.3;7.1;1138.67;194.76;303.88;29.5;42.14;3.5;0;40;
4607;43.798;-1.2886;REF;13.57;19.84;7.3;23.74;0.3;7.9;6.8;1145.72;196.07;306;29.72;42.39;3.6;0;28;
4608;43.8013;-1.1894;REF;12.84;19.83;6.02;24.94;1;15.3;3.4;1111.2;184.11;303.73;29.01;43.06;3.6;0;32;
4609;43.8045;-1.0902;REF;12.76;19.72;5.96;24.77;1;14.5;3.5;1115.97;184.97;303.44;29.18;41.88;3.6;0;32;
4610;43.8076;-0.991;REF;12.82;19.79;6;24.89;1.1;15;4;1112.97;182.28;304.65;29.42;41.3;3.5;0;32;
4611;43.8106;-0.8918;REF;13.2;20.58;6.01;25.79;1.5;19.7;5.1;966.99;174.48;249.32;25.19;37.4;3.6;0;62;
4612;43.8135;-0.7926;REF;13.14;20.51;5.97;25.67;1.5;19;5;971.8;175.3;250.19;25.33;38.24;3.6;0;61;
4613;43.8163;-0.6933;REF;13;20.33;5.87;25.36;1.4;17.1;4.6;982.84;176.79;253.39;25.89;38.66;3.6;0;59;
4614;43.819;-0.5941;REF;12.96;20.28;5.84;25.29;1.3;16.9;4.6;985.29;177.16;251.28;25.61;38.57;3.5;0;54;
4615;43.8217;-0.4948;REF;12.95;20.27;5.83;25.27;1.3;16.8;4.6;983.38;177.3;252.85;25.65;36.77;3.5;0;57;
4616;43.8242;-0.3956;REF;12.86;20.16;5.77;25.09;1.2;16;4.8;989.07;179;255.17;25.9;37.02;3.6;0;52;
4617;43.8267;-0.2963;REF;12.89;20.29;5.75;25.39;1.8;17.5;4.5;847.53;160.88;212.55;22.42;33.32;3.6;0;72;
4750;43.8699;-1.2932;REF;13.56;19.83;7.31;23.73;0.3;7.9;6.8;1146.28;196.21;304.08;29.82;42.39;3.6;0;28;
4751;43.8731;-1.1939;REF;12.84;19.82;6.03;24.93;1;15.3;3.4;1111.67;184.2;299.36;28.97;43.37;3.6;0;34;
4752;43.8763;-1.0945;REF;12.71;19.66;5.93;24.68;0.9;14.3;3.1;1121.47;186.18;303.64;29.26;42.02;3.6;0;32;
4753;43.8794;-0.9952;REF;12.71;19.66;5.92;24.67;1;14.2;3.4;1124.6;183.14;303.83;29.2;41.66;3.5;0;26;
4754;43.8824;-0.8959;REF;12.81;19.78;6;24.86;1.1;14.9;3.9;1115.31;180.43;302.33;29.25;41.34;3.4;0;28;
4755;43.8853;-0.7965;REF;12.87;19.87;6.04;24.98;1.1;15.4;4;1105.82;179.49;302.01;28.97;42.42;3.4;0;38;
4756;43.8882;-0.6972;REF;13.09;20.45;5.93;25.56;1.4;18.5;4.3;975.67;175.8;249.85;25.5;37.95;3.6;0;61;
4757;43.8909;-0.5978;REF;13.02;20.36;5.88;25.42;1.4;17.6;4.7;980.85;176.25;251.46;25.51;38.15;3.5;0;51;
4758;43.8935;-0.4984;REF;12.99;20.32;5.86;25.36;1.4;17.4;4.6;983.17;176.71;251.47;25.56;37.77;3.5;0;55;
4759;43.8961;-0.399;REF;12.95;20.26;5.83;25.25;1.3;16.9;4.8;985.74;177.88;252.49;25.79;37.91;3.6;0;58;
4760;43.8985;-0.2996;REF;12.98;20.41;5.8;25.58;1.9;18.6;4.5;845;160.35;211.68;22.51;33.95;3.6;0;85;
4893;43.9417;-1.2978;REF;13.51;19.76;7.26;23.63;0.3;7.5;6.4;1154.1;193.68;305.13;30;41.45;3.5;0;50;
4894;43.945;-1.1983;REF;13.38;19.61;7.16;23.4;0.3;7;6.1;1165.83;195.75;308.05;30.27;41.8;3.6;0;37;
4895;43.9482;-1.0989;REF;12.7;19.65;5.91;24.66;1;14;3.3;1126.13;184.23;303.97;29.18;42.58;3.6;0;28;
4896;43.9513;-0.9994;REF;12.64;19.58;5.87;24.54;0.9;13.6;3.3;1128.99;185.18;305.03;29.34;42.75;3.6;0;31;
4897;43.9543;-0.9;REF;12.68;19.63;5.9;24.62;0.9;13.7;3.4;1124.81;182.29;305.24;29.52;42.58;3.6;0;27;
4898;43.9572;-0.8005;REF;12.76;19.73;5.95;24.76;1;14.4;3.5;1115.02;180.66;303.75;29.04;41.8;3.6;0;34;
4899;43.96;-0.701;REF;13;20.32;5.86;25.36;1.3;17.4;4.1;984.85;177.39;250.5;25.69;39.29;3.6;0;42;
4900;43.9628;-0.6015;REF;13.01;20.34;5.87;25.38;1.3;17.5;4;982.61;177.44;250.58;25.82;38.75;3.6;0;47;
4901;43.9654;-0.502;REF;12.6;20.06;5.42;25.57;1.9;19.3;2.4;910.5;172.69;234.29;23.75;35.79;3.5;0;57;
4902;43.968;-0.4025;REF;12.52;19.95;5.37;25.4;1.8;18.3;2.2;916.8;175.8;237.32;23.93;34.91;3.6;0;68;
4903;43.9704;-0.303;REF;12.4;19.8;5.28;25.17;1.7;17.2;2.4;926.1;178.11;238.77;23.74;35.81;3.6;0;66;
4904;43.9728;-0.2034;REF;12.83;20.21;5.7;25.26;1.8;17.1;4.3;852.28;162.53;212.88;22.98;33.9;3.6;0;84;
4905;43.9751;-0.1039;REF;12.73;20.08;5.64;25.03;1.6;16.1;4.8;860.79;165.38;213.56;23.06;34.21;3.6;0;73;
4906;43.9773;-0.0043;REF;12.63;19.94;5.58;24.8;1.5;15;5.1;867.32;168.42;217.58;22.86;34.47;3.5;0;72;
5036;44.0136;-1.3024;REF;13.53;19.79;7.27;23.67;0.3;7.7;6.6;1149.96;194.51;304.62;29.91;41.81;3.5;0;54;
5037;44.0168;-1.2028;REF;13.48;19.73;7.23;23.58;0.3;7.5;6.5;1154.32;195.29;305.61;30.02;41.95;3.5;0;30;
5038;44.02;-1.1032;REF;12.76;19.72;5.96;24.78;0.9;14.6;3.2;1120.35;183.29;300.57;28.98;41.47;3.5;0;34;
5039;44.0231;-1.0037;REF;12.68;19.63;5.9;24.62;1;13.9;3.3;1124.57;184.48;302.23;29.21;41.58;3.6;0;26;
5040;44.0261;-0.9041;REF;12.71;19.67;5.92;24.67;0.9;14.1;3.1;1122.01;184.18;302.35;29.29;41.5;3.6;0;23;
5041;44.0291;-0.8045;REF;12.54;19.63;5.69;24.89;1.7;16.3;1.9;1032.08;182.49;271.88;27.38;42.41;3.5;0;35;
5042;44.0319;-0.7049;REF;12.48;19.91;5.35;25.35;1.8;18.1;2.1;921.8;177.82;234.28;23.88;36.48;3.5;0;54;
5043;44.0346;-0.6052;REF;12.5;19.93;5.36;25.38;1.8;18.2;2;920.59;178.25;234.51;23.89;36.07;3.6;0;50;
5044;44.0373;-0.5056;REF;12.48;19.91;5.34;25.35;1.8;18.1;2.1;919.72;178.79;237.97;23.98;35.89;3.6;0;59;
5045;44.0398;-0.406;REF;12.52;19.96;5.37;25.41;1.8;18.4;2.3;916.35;175.75;236.56;23.99;34.9;3.6;0;51;
5046;44.0423;-0.3063;REF;12.49;19.92;5.35;25.35;1.7;18;2.5;919.27;176.75;237.16;23.58;35.58;3.6;0;59;
5047;44.0447;-0.2066;REF;12.78;20.14;5.67;25.14;1.7;16.7;4.3;855.94;165.27;213.64;22.68;34.03;3.6;0;61;
5048;44.047;-0.107;REF;12.68;20.01;5.61;24.91;1.6;15.7;4.2;863.39;167.64;215.21;22.95;34.3;3.6;0;56;
5049;44.0491;-0.0073;REF;12.64;19.96;5.58;24.84;1.5;15.1;4.2;867.7;169.24;216.77;23.25;35.21;3.5;0;58;
5179;44.0854;-1.307;REF;13.5;19.92;7.14;23.73;0.6;7.8;5.8;859.77;150.49;225.07;23.16;34.4;3.5;0;95;
5180;44.0887;-1.2073;REF;13.41;19.81;7.07;23.58;0.5;7.3;5.1;865.01;151.51;226.98;23;34.59;3.5;0;63;
5181;44.0919;-1.1076;REF;12.71;19.85;5.83;25.22;1.8;17.6;2.4;1024.21;179.55;268.47;26.81;40.97;3.6;0;46;
5182;44.095;-1.0079;REF;12.57;19.69;5.72;24.97;1.7;16.5;2.1;1032.58;180.34;272.01;26.83;41.38;3.6;0;42;
5183;44.098;-0.9082;REF;12.53;19.63;5.68;24.89;1.7;16.2;2;1036.36;181;271.87;26.92;41.53;3.6;0;53;
5184;44.1009;-0.8085;REF;12.52;19.62;5.67;24.87;1.7;16.1;2;1033.56;181.93;272.32;27.14;41.21;3.6;0;39;
5185;44.1038;-0.7087;REF;12.47;19.55;5.64;24.78;1.6;15.8;1.9;1038.06;183.42;273.17;27.22;41.35;3.6;0;37;
5186;44.1065;-0.609;REF;12.47;19.9;5.34;25.32;1.7;17.7;2;919.16;178.66;235.06;23.95;35.65;3.5;0;54;
5187;44.1092;-0.5092;REF;12.45;19.86;5.32;25.27;1.7;17.7;2;921.07;179.37;234.71;23.96;35.64;3.6;0;64;
5188;44.1117;-0.4094;REF;12.4;19.8;5.28;25.18;1.6;17.2;2;924.61;180.11;235.56;24.48;35.47;3.6;0;58;
5189;44.1142;-0.3097;REF;12.4;19.81;5.29;25.19;1.6;17.4;2;924.24;179.36;236.39;24.19;35.45;3.6;0;46;
5190;44.1166;-0.2099;REF;12.36;19.76;5.25;25.1;1.7;17.1;2;926.32;180.94;237.04;24.19;35.1;3.6;0;47;
5191;44.1188;-0.1101;REF;12.65;19.97;5.59;24.86;1.6;15.4;3.8;866.8;169.55;215.68;23.05;33.72;3.6;0;55;
5192;44.121;-0.0103;REF;12.63;19.94;5.57;24.8;1.5;15;4.2;869.07;169.46;215.85;23.56;34.57;3.5;0;54;
5193;44.1231;0.0895;REF;12.35;19.8;5.21;24.92;1.2;14.5;3.4;790.92;165.42;187.08;21.61;32.61;3.5;0;67;
5323;44.1606;-1.2118;REF;13.36;19.76;7.02;23.51;0.5;7.2;4.6;865.61;151.29;227.88;22.96;35.31;3.5;0;51;
5324;44.1638;-1.112;REF;12.71;19.85;5.83;25.22;1.9;17.8;2.3;1022.45;180.24;268.47;26.57;41.53;3.6;0;37;
5325;44.1669;-1.0122;REF;12.61;19.75;5.76;25.05;1.7;17;2.3;1030.92;179.55;269.46;26.54;40.91;3.6;0;39;
5326;44.1699;-0.9123;REF;12.53;19.63;5.69;24.89;1.7;16.2;2;1037.59;181;271.76;26.7;41.48;3.6;0;34;
5327;44.1728;-0.8125;REF;12.55;19.66;5.7;24.93;1.7;16.2;2;1032.34;181.52;272.24;27.03;41.13;3.6;0;38;
5328;44.1756;-0.7126;REF;12.51;19.6;5.67;24.85;1.7;16.2;1.9;1036.23;182.22;273.2;27.07;41.59;3.6;0;30;
5329;44.1784;-0.6127;REF;12.41;19.82;5.29;25.22;1.7;17.1;2.1;923.63;178.93;236.56;23.94;35.97;3.6;0;45;
5330;44.181;-0.5128;REF;12.36;19.76;5.26;25.12;1.5;17;2;927.18;179.05;236.97;24.09;35.69;3.6;0;48;
5331;44.1836;-0.4129;REF;12.35;19.74;5.25;25.09;1.5;16.9;2;930.59;179.27;237.29;23.83;35.99;3.5;0;58;
5332;44.1861;-0.313;REF;12.3;19.68;5.21;24.99;1.6;16.5;2;932.09;180.79;238.32;24.43;35.72;3.6;0;55;
5333;44.1885;-0.2131;REF;12.25;19.61;5.17;24.88;1.6;16.1;2.1;935.33;182.66;239.39;24.43;35.39;3.6;0;40;
5466;44.2324;-1.2163;REF;13.47;19.89;7.12;23.69;0.5;7.7;5.1;857.99;150.01;226.22;22.9;34.93;3.5;0;69;
5467;44.2356;-1.1164;REF;12.81;19.98;5.92;25.41;2.1;18.5;2.6;1013.7;178.8;266.02;26.56;40.11;3.6;0;42;
5468;44.2387;-1.0164;REF;12.67;19.81;5.81;25.16;1.8;17.4;2.3;1024.43;178.68;269.44;26.72;40.73;3.6;0;36;
5469;44.2418;-0.9164;REF;12.59;19.72;5.73;25.01;1.7;16.8;2.1;1029.36;179.88;271.36;26.91;40.98;3.6;0;43;
5470;44.2447;-0.8165;REF;12.61;19.74;5.75;25.04;1.7;16.9;2.1;1025.5;179.76;269.36;26.39;40.47;3.6;0;43;
5471;44.2475;-0.7165;REF;12.55;19.66;5.7;24.92;1.7;16.2;2;1032.37;182.22;270.57;27.07;40.93;3.6;0;37;
5472;44.2503;-0.6165;REF;12.46;19.55;5.63;24.77;1.6;15.5;1.8;1039.68;183.49;274.49;27.27;41.17;3.6;0;30;
5473;44.2529;-0.5165;REF;12.47;19.9;5.33;25.33;1.7;17.8;2;918.41;177.4;234.51;23.9;35.41;3.5;0;46;
5474;44.2555;-0.4164;REF;12.41;19.82;5.29;25.21;1.7;17.2;2;925.44;179.14;236.07;23.72;35.84;3.5;0;70;
5476;44.2603;-0.2164;REF;12.37;19.77;5.27;25.13;1.7;17.1;2.1;925.57;181.42;236.3;23.88;34.64;3.6;0;42;
5609;44.3043;-1.2209;REF;13.42;19.83;7.07;23.6;0.5;7.4;5;862.07;151.48;227.06;22.75;34.73;3.4;0;76;
5610;44.3075;-1.1208;REF;13.38;19.79;7.04;23.55;0.5;7.5;5;864.23;151.84;227.88;22.81;34.8;3.4;0;49;
5611;44.3106;-1.0207;REF;12.71;19.87;5.84;25.23;1.8;17.8;2.4;1019.25;180.56;268.46;26.65;41.11;3.6;0;41;
5612;44.3136;-0.9206;REF;12.64;19.77;5.77;25.09;1.7;17;2.3;1026.04;179.56;270.19;26.89;40.77;3.6;0;49;
5613;44.3166;-0.8205;REF;12.64;19.78;5.78;25.1;1.7;17;2.3;1025.57;179.47;268.47;26.88;40.75;3.6;0;51;
5614;44.3194;-0.7204;REF;12.66;19.79;5.79;25.11;1.8;17;2.2;1023.67;180.69;270.26;26.96;40.58;3.6;0;45;
5615;44.3222;-0.6202;REF;12.57;19.69;5.72;24.96;1.7;16.4;2.1;1030.33;181.89;272.21;27.12;40.86;3.6;0;36;
5616;44.3248;-0.5201;REF;12.53;19.63;5.68;24.88;1.7;16.1;2;1032.32;182.51;272.75;27.36;41.85;3.6;0;44;
5752;44.3761;-1.2254;REF;13.42;19.83;7.08;23.61;0.5;7.5;5.2;861.23;151.41;227.01;22.74;34.2;3.4;0;77;
5753;44.3793;-1.1252;REF;13.4;19.81;7.06;23.58;0.5;7.4;5.2;862.45;152.46;228.49;22.91;34.05;3.5;0;48;
5754;44.3825;-1.025;REF;12.72;19.87;5.84;25.24;1.9;17.9;2.3;1018.78;180.53;269.81;26.64;41.34;3.6;0;44;
5755;44.3855;-0.9248;REF;12.68;19.83;5.81;25.17;1.8;17.4;2.4;1022.28;178.88;270.73;26.82;40.64;3.6;0;61;
5756;44.3884;-0.8245;REF;12.7;19.84;5.82;25.2;1.8;17.6;2.4;1021.29;178.75;270.62;26.8;40.6;3.6;0;43;
5757;44.3913;-0.7243;REF;12.7;19.83;5.82;25.19;1.7;17.4;2.2;1018.88;178.54;270.23;26.8;39.5;3.6;0;45;
5758;44.394;-0.624;REF;12.62;19.74;5.76;25.05;1.7;17;2.2;1026.17;179.94;271.93;26.7;41.45;3.6;0;44;
5895;44.448;-1.23;REF;13.44;19.86;7.09;23.64;0.5;7.6;5.2;859.94;152.03;228.2;22.84;33.97;3.5;0;84;
5896;44.4512;-1.1296;REF;13.43;19.85;7.09;23.63;0.5;7.6;5.2;860.34;152.1;227.22;22.85;33.98;3.5;0;46;
5897;44.4543;-1.0293;REF;12.77;19.93;5.88;25.34;1.9;18.3;2.5;1014.09;181.26;269.2;26.95;40.14;3.6;0;49;
