#-----------------------------------------------------------------------------
# Date d'extraction : 31/10/2025 - 16h06 loc.
#-----------------------------------------------------------------------------
# Producteur : MF_DCSC
# Experience : TRACC2023_DISTRIBUTION
# Modele     : MAX
#-----------------------------------------------------------------------------
# Niveaux de réchauffement :
#     REF : Référence
#-----------------------------------------------------------------------------
# Type d'indice : annuel
#-----------------------------------------------------------------------------
# Indices : 
#     NORTMm_yr : Température moyenne annuelle (°C)
#     NORTMm_seas_JJA : Température moyenne en été (°C)
#     NORTMm_seas_DJF : Température moyenne en hiver (°C)
#     NORTXm_seas_JJA : Température maximale en été (°C)
#     NORTX35D_yr : Nombre de jours avec Tx >= 35°C (jour(s))
#     NORTX30D_yr : Nombre de jours avec Tx >= 30°C (jour(s))
#     NORTR_yr : Nombre de nuits tropicales (jour(s))
#     NORRR_yr : Cumul de précipitations annuelles (mm)
#     NORRR_seas_JJA : Cumul de précipitations en été (mm)
#     NORRR_seas_DJF : Cumul de précipitations en hiver (mm)
#     NORRRq99_yr : Cumul de précipitations quotidiennes remarquables (percentile 99 du cumul  quotidien) (mm)
#     NORRx1d_yr : Intensité des précipitations extrêmes (max annuel des  précipitations totales) (mm)
#     NORRRq99refD_yr : Fréquence des précipitations quotidienne remarquables (jour(s))
#     NORIFM40_yr : Indicateur feux météo nombre de jours supérieurs à 40 (jour(s))
#     NORSWI04_yr : Nombre de jours avec SWI < 0.4 (jour(s))
#-----------------------------------------------------------------------------
# Format des enregistrements 
# Point;Latitude;Longitude;Niveau;NORTMm_yr;NORTMm_seas_JJA;NORTMm_seas_DJF;NORTXm_seas_JJA;NORTX35D_yr;NORTX30D_yr;NORTR_yr;NORRR_yr;NORRR_seas_JJA;NORRR_seas_DJF;NORRRq99_yr;NORRx1d_yr;NORRRq99refD_yr;NORIFM40_yr;NORSWI04_yr;
#-----------------------------------------------------------------------------
4034;43.5074;-1.369;REF;13.7;19.96;7.67;23.87;0.7;9.1;8.8;1186.07;211.23;344.19;32.45;65.06;3.7;1;75;
4035;43.5107;-1.2704;REF;13.71;20.49;7.16;25.15;1;15.8;7.9;1237.04;221.84;356.25;32.81;66.09;3.8;1;71;
4037;43.5171;-1.073;REF;13.64;20.41;7.1;25.01;1;15.4;7.6;1244.17;225.26;355.09;33.3;60.86;3.8;1;63;
4176;43.5758;-1.4725;REF;13.77;20.04;7.73;23.99;0.7;9.3;9.1;1184.75;211.23;342.54;32.41;64.87;3.7;1;68;
4177;43.5792;-1.3737;REF;13.7;19.96;7.67;23.87;0.7;9;8.9;1190.95;212.63;344.19;32.58;65.06;3.7;1;75;
4178;43.5825;-1.2749;REF;13.64;20.4;7.11;25;1.1;15.7;8;1249.94;222.25;355.96;32.74;62.54;3.7;1;71;
4179;43.5858;-1.1761;REF;13.66;20.42;7.12;25.04;1.1;15.9;8;1248.17;221.67;355.55;32.68;62.48;3.7;1;68;
4180;43.589;-1.0773;REF;13.49;20.22;7.01;24.73;0.9;14.4;7.6;1258.98;223.08;358.7;33.88;56.91;3.8;1;63;
4181;43.592;-0.9784;REF;13.43;20.15;6.97;24.62;0.9;13.8;7.5;1265.66;233.61;361.15;33.35;61.98;3.8;1;63;
4182;43.595;-0.8796;REF;13.42;20.14;6.96;24.6;0.9;14.1;7.4;1266.83;233.81;361.38;33.37;62.02;3.8;1;65;
4183;43.5979;-0.7807;REF;13.48;20.22;7.01;24.73;0.9;14.5;7.6;1262.15;231.23;360.14;33.19;59.07;3.8;1;63;
4184;43.6007;-0.6819;REF;13.45;20.54;6.75;25.38;1.7;17.6;6.2;1035.8;202.41;286.44;28.23;53.18;3.7;1;75;
4185;43.6034;-0.583;REF;13.36;20.44;6.69;25.24;1.6;16.8;6;1046.4;203.73;287.25;27.88;52.62;3.7;1;76;
4186;43.6061;-0.4841;REF;13.15;20.18;6.54;24.88;1.5;15.1;5.6;1061.89;207.39;291.59;28.61;53.98;3.8;1;79;
4187;43.6086;-0.3852;REF;13.16;20.19;6.54;24.89;1.5;14.9;5.3;1061.41;207.3;291.49;28.59;53.97;3.8;1;78;
4188;43.6111;-0.2863;REF;13;20;6.43;24.62;1.3;13.8;5.2;1070.2;205.65;296.38;28.68;48.68;3.7;1;65;
4320;43.651;-1.3784;REF;13.75;20.01;7.71;23.95;0.6;9.3;9;1180.4;211.7;340.75;32.85;61.12;3.7;1;70;
4321;43.6544;-1.2795;REF;13.67;20.44;7.13;25.08;1.1;16;8.1;1246.44;221.47;354.98;33.25;62.43;3.7;1;60;
4322;43.6576;-1.1805;REF;13.71;20.49;7.15;25.15;1.1;16.2;8.2;1242.83;220.71;353.9;32.54;62.32;3.7;1;72;
4323;43.6608;-1.0816;REF;13.68;20.46;7.14;25.1;1;15.8;8.2;1239.64;219.62;353.26;33.23;56.21;3.8;1;74;
4324;43.6639;-0.9826;REF;13.64;20.42;7.11;25.03;1.2;15.4;8;1240.45;221.78;353.42;32.91;55.37;3.7;1;65;
4325;43.6669;-0.8837;REF;13.61;20.37;7.09;24.96;1.2;15.1;7.9;1243.99;222.41;354.36;32.99;55.49;3.7;1;67;
4326;43.6698;-0.7847;REF;13.48;20.22;7.01;24.73;0.9;14.5;7.8;1260.37;227.4;357.59;33.41;53.3;3.7;1;62;
4327;43.6726;-0.6857;REF;13.45;20.54;6.75;25.39;1.7;17.5;6.2;1036.83;201.15;285.15;27.55;49.07;3.7;1;81;
4328;43.6753;-0.5867;REF;13.36;20.44;6.69;25.24;1.6;16.8;6;1046.37;203.73;287.25;27.88;52.62;3.7;1;73;
4329;43.6779;-0.4877;REF;13.36;20.44;6.69;25.24;1.6;16.9;6;1045.52;204.27;287.51;28.2;53.46;3.7;1;80;
4330;43.6805;-0.3887;REF;13.19;20.23;6.57;24.95;1.6;15.4;5.4;1049.38;199.35;291.96;28.16;48.07;3.7;1;70;
4331;43.6829;-0.2896;REF;13.14;20.17;6.53;24.86;1.5;14.9;5.3;1053.53;200.12;293.13;28.29;48.43;3.7;1;70;
4463;43.7228;-1.3831;REF;13.73;19.99;7.69;23.92;0.6;9.2;9.1;1184.86;212.65;341.24;32.92;61.17;3.7;1;62;
4464;43.7262;-1.284;REF;13.59;19.83;7.57;23.69;0.6;8.7;8.7;1196.9;214.91;344.74;33.23;58.98;3.8;1;52;
4465;43.7295;-1.185;REF;13.57;20.33;7.06;24.89;1;15.1;8.4;1257.6;228.46;356.3;33.27;52.63;3.7;1;52;
4466;43.7326;-1.0859;REF;13.7;20.48;7.15;25.13;1.1;16;8.6;1245.2;226.32;352.85;32.97;52.22;3.8;1;64;
4467;43.7357;-0.9868;REF;13.75;20.54;7.18;25.23;1.2;16.2;8.5;1234.92;222.16;351.88;32.68;53.57;3.7;1;67;
4468;43.7387;-0.8877;REF;13.26;20.64;6.29;25.8;2;20.3;6.6;1011.91;198.66;278.82;26.9;48.91;3.7;2;85;
4469;43.7416;-0.7886;REF;13.2;20.56;6.25;25.68;1.9;19.8;6.6;1015.27;200.2;277.96;27.83;47.5;3.8;2;77;
4470;43.7444;-0.6895;REF;13.2;20.56;6.25;25.69;1.8;19.9;6.5;1019.98;204.66;280.01;27.39;49.22;3.7;2;78;
4471;43.7472;-0.5904;REF;13.16;20.51;6.22;25.6;1.7;19.5;6.4;1023.87;205.42;281.11;27.35;49.34;3.7;2;77;
4472;43.7498;-0.4912;REF;13.05;20.37;6.15;25.38;1.7;18.1;6.2;1038.29;212.05;283.89;27.59;55.04;3.7;2;74;
4473;43.7523;-0.3921;REF;12.97;20.27;6.1;25.22;1.6;17.5;6.4;1039.11;207.88;287.1;28.06;49.45;3.8;2;71;
4474;43.7548;-0.293;REF;13;20.31;6.13;25.29;1.5;17.9;6.3;1036.54;207.32;286.24;27.98;49.36;3.8;2;76;
4606;43.7947;-1.3878;REF;13.78;20.04;7.73;24;0.6;9.4;9.3;1187.51;213.79;340.11;32.81;58.49;3.8;0;66;
4607;43.798;-1.2886;REF;13.69;19.95;7.65;23.88;0.6;9.3;9;1194.47;215.18;342.09;32.99;58.71;3.7;0;54;
4608;43.8013;-1.1894;REF;12.98;19.98;6.34;25.1;1.5;17.1;5.8;1154.12;205.83;338.42;30.44;53.81;3.8;1;56;
4609;43.8045;-1.0902;REF;12.89;19.87;6.27;24.93;1.4;16.4;5.4;1168.19;207.73;341.73;31;50.63;3.8;1;55;
4610;43.8076;-0.991;REF;12.95;19.95;6.32;25.06;1.4;16.7;5.3;1157.56;203.32;340;30.71;52.31;3.8;1;58;
4611;43.8106;-0.8918;REF;13.33;20.74;6.34;25.97;2.1;21.4;6.8;998.41;195.26;275.5;26.78;52.68;3.7;2;82;
4612;43.8135;-0.7926;REF;13.28;20.67;6.3;25.85;2.1;20.6;6.7;1003.28;196.19;277.3;26.91;52.83;3.7;2;82;
4613;43.8163;-0.6933;REF;13.13;20.48;6.2;25.56;1.8;19.2;6.5;1016.31;198.64;280.95;27.32;48.77;3.8;2;77;
4614;43.819;-0.5941;REF;13.1;20.44;6.18;25.49;1.7;18.6;6.5;1025.82;204.59;282.99;27.59;49.27;3.7;2;77;
4615;43.8217;-0.4948;REF;13.09;20.42;6.18;25.47;1.6;18.5;6.4;1026.81;204.81;283.27;27.6;49.3;3.7;2;79;
4616;43.8242;-0.3956;REF;13.01;20.31;6.12;25.29;1.6;17.9;6.3;1036.54;207.32;286.24;27.98;49.36;3.8;2;77;
4617;43.8267;-0.2963;REF;13.02;20.43;6.1;25.58;2.2;19.3;6;891.08;187.72;241.71;24.61;45.91;3.8;2;96;
4750;43.8699;-1.2932;REF;13.69;19.94;7.65;23.87;0.6;9;9;1195.07;215.26;340.68;32.63;57.08;3.7;0;49;
4751;43.8731;-1.1939;REF;12.97;19.97;6.34;25.09;1.5;17;5.7;1154.75;205.95;338.61;30.45;53.83;3.8;1;54;
4752;43.8763;-1.0945;REF;12.85;19.81;6.24;24.84;1.3;16;5.4;1167.07;208.07;342.25;30.77;54.2;3.7;1;52;
4753;43.8794;-0.9952;REF;12.84;19.81;6.24;24.84;1.3;15.8;5.2;1165.7;205.39;341.66;31.07;54.22;3.8;1;54;
4754;43.8824;-0.8959;REF;12.94;19.93;6.31;25.04;1.3;16.8;5.6;1150.86;205.01;338.8;30.67;60.46;3.7;2;58;
4755;43.8853;-0.7965;REF;13;20.01;6.36;25.16;1.4;17.4;5.8;1144.61;204.01;336.53;30.56;60.27;3.7;2;64;
4756;43.8882;-0.6972;REF;13.23;20.61;6.27;25.76;1.8;20.4;6.9;1004.3;195.46;277.81;26.68;52.31;3.7;2;82;
4757;43.8909;-0.5978;REF;13.16;20.52;6.22;25.61;1.7;19.5;6.6;1020.55;203.6;281.64;27.48;49.11;3.7;2;75;
4758;43.8935;-0.4984;REF;13.13;20.48;6.2;25.56;1.7;19.1;6.5;1023.04;204.08;282.25;27.53;49.19;3.7;2;78;
4759;43.8961;-0.399;REF;13.08;20.42;6.17;25.46;1.7;18.4;6.3;1028.43;203.63;284.22;27.17;49.31;3.8;2;82;
4760;43.8985;-0.2996;REF;13.11;20.54;6.15;25.78;2.3;20.5;5.8;885.59;184.62;240.35;23.99;44.97;3.7;2;106;
4893;43.9417;-1.2978;REF;13.63;19.88;7.6;23.77;0.6;9;9;1197.64;218.1;344.23;31.88;62.21;3.8;1;76;
4894;43.945;-1.1983;REF;13.5;19.73;7.5;23.55;0.5;8.3;8.8;1209.61;220.39;347.49;32;58.11;3.7;1;59;
4895;43.9482;-1.0989;REF;12.83;19.8;6.23;24.83;1.3;15.9;5.4;1166.69;205.62;339.72;30.82;52.64;3.7;2;53;
4896;43.9513;-0.9994;REF;12.77;19.73;6.19;24.72;1.3;15.5;5.3;1172.33;206.63;342.21;30.98;52.83;3.7;2;56;
4897;43.9543;-0.9;REF;12.82;19.78;6.22;24.81;1.2;15.8;5.5;1162.14;207.01;340.77;31.01;60.83;3.8;2;56;
4898;43.9572;-0.8005;REF;12.9;19.89;6.28;24.97;1.4;16.5;5.4;1152.86;201.24;339.33;30.7;56.17;3.7;2;60;
4899;43.96;-0.701;REF;13.13;20.48;6.2;25.55;1.7;19.3;6.7;1013.35;197.1;280.38;27.51;52.58;3.7;2;65;
4900;43.9628;-0.6015;REF;13.14;20.5;6.21;25.58;1.7;19.4;6.6;1012.89;195.13;280.12;27.04;48.8;3.7;2;68;
4901;43.9654;-0.502;REF;12.74;20.23;5.75;25.77;2.2;21.2;4.1;941.48;190.08;261.71;25;46.22;3.7;3;80;
4902;43.968;-0.4025;REF;12.66;20.12;5.69;25.61;2.1;20.1;4;951.75;194.45;264.06;25.23;44.64;3.7;3;90;
4903;43.9704;-0.303;REF;12.54;19.97;5.61;25.38;2;19;3.9;963.68;198.58;268.29;25.45;44.94;3.7;3;88;
4904;43.9728;-0.2034;REF;12.96;20.35;6.05;25.46;2.1;18.8;6.2;896.83;186.97;243.44;24.06;45.32;3.7;2;105;
4905;43.9751;-0.1039;REF;12.86;20.22;6;25.23;1.9;18.1;6.1;903.31;188.12;246.03;24.98;45.93;3.7;2;93;
4906;43.9773;-0.0043;REF;12.76;20.09;5.93;25.01;1.8;17.1;6.4;911.74;191.14;247.26;24.92;48.85;3.7;2;93;
5036;44.0136;-1.3024;REF;13.66;19.91;7.64;23.8;0.7;8.8;9;1193.5;215.96;343.57;31.96;58.84;3.7;1;81;
5037;44.0168;-1.2028;REF;13.61;19.85;7.6;23.72;0.6;8.5;9;1198.05;216.77;344.84;32.05;58.98;3.7;1;51;
5038;44.02;-1.1032;REF;12.89;19.88;6.28;24.95;1.4;16.4;5.4;1160.92;204.58;338.84;30.65;52.45;3.7;2;59;
5039;44.0231;-1.0037;REF;12.82;19.78;6.22;24.8;1.3;15.8;5.3;1168.29;205.9;341.42;30.85;52.69;3.7;2;52;
5040;44.0261;-0.9041;REF;12.84;19.82;6.24;24.86;1.3;15.9;5.2;1159.53;205.36;340.71;30.61;56.45;3.8;2;52;
5041;44.0291;-0.8045;REF;12.67;19.8;6.02;25.1;2;18.2;3.4;1066.94;198.21;306.93;28.84;54.4;3.7;2;60;
5042;44.0319;-0.7049;REF;12.63;20.08;5.67;25.54;2.1;19.9;3.8;949.84;194.55;264.47;25.57;49.51;3.8;3;76;
5043;44.0346;-0.6052;REF;12.64;20.1;5.68;25.58;2.1;20.1;4.1;950.41;193.76;264.54;25.28;45.28;3.7;3;71;
5044;44.0373;-0.5056;REF;12.63;20.08;5.67;25.55;2;19.7;3.8;950.48;193.76;264.63;25.56;42.89;3.7;3;81;
5045;44.0398;-0.406;REF;12.66;20.13;5.7;25.62;2.1;20.4;4.1;951.35;194.36;263.94;25.23;44.62;3.7;3;75;
5046;44.0423;-0.3063;REF;12.63;20.09;5.67;25.56;2.1;20.1;4;956.24;197.1;266.41;25.27;44.69;3.7;3;81;
5047;44.0447;-0.2066;REF;12.91;20.29;6.01;25.35;2;18.4;6.3;894.89;184.66;243.34;24.15;43.38;3.8;2;84;
5048;44.047;-0.107;REF;12.81;20.15;5.95;25.12;1.9;17.3;6.4;908.24;189.37;246.85;24.61;46.21;3.8;2;78;
5049;44.0491;-0.0073;REF;12.78;20.11;5.93;25.04;1.9;17;6.3;917.65;196.55;246.73;24.61;53.15;3.7;2;79;
5179;44.0854;-1.307;REF;13.63;20.05;7.48;23.87;0.8;8.9;8;892.92;169.34;257.71;24.86;51.76;3.8;2;124;
5180;44.0887;-1.2073;REF;13.54;19.94;7.4;23.74;0.7;8.6;7.7;898.81;170.41;255.09;25.02;51.95;3.8;2;93;
5181;44.0919;-1.1076;REF;12.85;19.99;6.17;25.4;2.2;19.4;3.9;1062.24;198.07;302.88;28.86;49.9;3.8;2;69;
5182;44.095;-1.0079;REF;12.71;19.83;6.06;25.16;2.1;18.4;3.4;1074.28;198.27;305.88;29.51;50.66;3.8;2;66;
5183;44.098;-0.9082;REF;12.66;19.78;6.02;25.08;2.1;18.2;3.3;1078.1;198.99;307.14;29.62;50.79;3.7;2;76;
5184;44.1009;-0.8085;REF;12.65;19.78;6.01;25.07;2;18;3.5;1074.41;198.74;307.39;28.96;49.72;3.7;2;63;
5185;44.1038;-0.7087;REF;12.61;19.72;5.97;24.99;2;17.8;3.2;1072.47;199.18;307.82;29;54.58;3.8;2;60;
5186;44.1065;-0.609;REF;12.62;20.07;5.66;25.53;2.1;19.8;4;952.36;194.19;264.97;25.35;45.36;3.7;3;71;
5187;44.1092;-0.5092;REF;12.59;20.03;5.64;25.47;2;19.4;3.9;953.54;194.47;265.49;25.66;42.99;3.7;3;83;
5188;44.1117;-0.4094;REF;12.54;19.97;5.61;25.38;2;18.9;3.8;957.53;195.08;266.62;25.75;43.12;3.7;3;78;
5189;44.1142;-0.3097;REF;12.54;19.98;5.61;25.39;2;19;3.9;960.74;195.53;267.73;25.69;43.33;3.7;3;69;
5190;44.1166;-0.2099;REF;12.5;19.92;5.58;25.3;1.9;18.8;3.9;970.02;199.4;269.65;26.18;46.34;3.7;3;70;
5191;44.1188;-0.1101;REF;12.78;20.11;5.93;25.06;1.8;17;6.2;908.21;187.29;245.98;25.15;45.21;3.7;2;76;
5192;44.121;-0.0103;REF;12.76;20.09;5.92;25.01;1.9;16.9;6.3;918.85;196.81;247;24.63;53.19;3.7;2;76;
5193;44.1231;0.0895;REF;12.48;19.97;5.53;25.11;1.6;16.3;5.1;828.24;187.56;212.93;22.81;43.68;3.8;3;89;
5323;44.1606;-1.2118;REF;13.49;19.89;7.36;23.66;0.7;8.6;7.2;901.3;170.81;258.94;24.66;51.27;3.7;3;80;
5324;44.1638;-1.112;REF;12.85;20;6.17;25.4;2.2;19.6;3.9;1062.12;200.43;306.24;28.29;56.45;3.7;2;60;
5325;44.1669;-1.0122;REF;12.75;19.89;6.09;25.24;2.2;18.7;3.7;1071.51;200.72;305.63;29.41;51.9;3.8;2;62;
5326;44.1699;-0.9123;REF;12.66;19.78;6.02;25.08;2.1;18.2;3.3;1078.1;198.99;305.88;29.62;50.79;3.7;2;60;
5327;44.1728;-0.8125;REF;12.68;19.81;6.03;25.12;2.1;18.2;3.5;1071.76;198.28;306.14;28.9;49.63;3.8;2;63;
5328;44.1756;-0.7126;REF;12.64;19.77;6;25.06;2.1;18.1;3.3;1073.38;199.56;308.03;28.5;48.73;3.7;2;58;
5329;44.1784;-0.6127;REF;12.55;19.99;5.62;25.41;2.1;19.2;3.9;958.33;196.33;266.48;25.89;43.98;3.7;3;67;
5330;44.181;-0.5128;REF;12.51;19.93;5.58;25.31;2.1;18.6;3.8;965.94;200.28;269.05;25.79;44.73;3.7;3;70;
5331;44.1836;-0.4129;REF;12.49;19.91;5.57;25.28;2.1;18.7;3.8;967.16;200.53;269.57;25.84;44.77;3.7;3;80;
5332;44.1861;-0.313;REF;12.44;19.85;5.54;25.19;1.9;18.1;3.6;972.37;201.7;270.19;26.09;46.32;3.7;3;77;
5333;44.1885;-0.2131;REF;12.39;19.78;5.51;25.08;1.8;17.8;3.9;979.24;201.21;272.1;26.43;46.63;3.7;3;65;
5466;44.2324;-1.2163;REF;13.6;20.02;7.47;23.84;0.7;8.7;7.7;895.76;169.01;257.05;25.04;50.9;3.7;3;101;
5467;44.2356;-1.1164;REF;12.95;20.12;6.25;25.58;2.5;20.5;4.2;1052.76;198.92;303.55;28.04;56.15;3.7;2;70;
5468;44.2387;-1.0164;REF;12.81;19.96;6.14;25.34;2.3;19.3;3.7;1066.52;199.86;304.09;29.29;51.72;3.8;2;60;
5469;44.2418;-0.9164;REF;12.73;19.86;6.07;25.2;2.2;18.6;3.6;1073.54;201.08;306.3;29.46;51.98;3.8;2;70;
5470;44.2447;-0.8165;REF;12.74;19.88;6.08;25.23;2.1;18.6;3.8;1070.84;199.23;304.13;28.85;51.38;3.8;2;70;
5471;44.2475;-0.7165;REF;12.68;19.81;6.04;25.13;2;18.3;3.5;1074.46;203.3;304.9;28.56;52.53;3.7;2;62;
5472;44.2503;-0.6165;REF;12.59;19.71;5.97;24.97;2;17.9;3.3;1082.09;204.62;306.89;28.77;52.78;3.7;2;56;
5473;44.2529;-0.5165;REF;12.61;20.07;5.66;25.53;2.2;19.7;4;956.83;198.56;266.59;25.59;44.45;3.7;3;69;
5474;44.2555;-0.4164;REF;12.55;19.98;5.61;25.4;2;19.3;3.8;963.51;199.99;267.69;25.86;46.05;3.7;3;92;
5476;44.2603;-0.2164;REF;12.51;19.94;5.58;25.33;1.9;18.7;4;970.28;202.07;269.27;25.51;48.36;3.8;3;66;
5609;44.3043;-1.2209;REF;13.54;19.96;7.41;23.75;0.8;8.6;7.4;894.17;169.68;258.08;24.69;48.92;3.8;2;105;
5610;44.3075;-1.1208;REF;13.51;19.92;7.38;23.7;0.8;8.5;7.3;900.13;173.27;262.17;24.8;49.11;3.8;2;81;
5611;44.3106;-1.0207;REF;12.85;20.01;6.17;25.42;2.4;19.6;3.9;1061.83;202.99;309.66;28.78;55.07;3.7;2;65;
5612;44.3136;-0.9206;REF;12.77;19.92;6.11;25.29;2.1;19.1;3.8;1067.33;198.67;304.24;28.49;53.6;3.8;3;72;
5613;44.3166;-0.8205;REF;12.78;19.93;6.11;25.3;2.2;19.2;3.9;1066.85;198.58;304.09;28.47;53.58;3.8;2;74;
5614;44.3194;-0.7204;REF;12.79;19.94;6.12;25.32;2.1;19.1;3.8;1065.4;201.68;302.1;28.54;52.24;3.7;2;69;
5615;44.3222;-0.6202;REF;12.71;19.84;6.06;25.17;2;18.3;3.6;1072.34;202.94;304.59;28.72;52.47;3.7;2;61;
5616;44.3248;-0.5201;REF;12.66;19.79;6.02;25.09;2;18;3.4;1078.87;207.5;308;29.12;53.33;3.7;2;68;
5752;44.3761;-1.2254;REF;13.55;19.96;7.42;23.76;0.8;8.5;7.4;890.64;166.83;261.51;24.83;45.73;3.7;2;104;
5753;44.3793;-1.1252;REF;13.53;19.94;7.41;23.73;0.8;8.5;7.4;891.84;167.06;261.83;24.87;45.77;3.7;3;74;
5754;44.3825;-1.025;REF;12.86;20.02;6.18;25.43;2.4;19.6;3.9;1061.23;202.9;309.42;28.79;55.05;3.7;2;69;
5755;44.3855;-0.9248;REF;12.82;19.98;6.15;25.37;2.2;19.4;4;1063.29;197.99;304.08;28.86;53.46;3.8;2;84;
5756;44.3884;-0.8245;REF;12.83;19.99;6.16;25.39;2.2;19.5;4;1062.24;197.8;303.76;28.42;53.42;3.8;3;66;
5757;44.3913;-0.7243;REF;12.83;19.99;6.16;25.39;2.3;19.3;3.8;1057.66;197.11;303.31;28.54;52.44;3.7;2;68;
5758;44.394;-0.624;REF;12.76;19.91;6.09;25.26;2.1;18.7;3.8;1066.18;200.61;303.51;28.73;51.73;3.8;2;68;
5895;44.448;-1.23;REF;13.57;19.99;7.44;23.79;0.8;8.6;7.5;889.37;166.61;261.15;24.79;45.7;3.8;3;110;
5896;44.4512;-1.1296;REF;13.56;19.98;7.44;23.78;0.8;8.8;7.5;889.1;166.7;261.26;24.69;45.71;3.7;3;74;
5897;44.4543;-1.0293;REF;12.91;20.08;6.22;25.52;2.4;20.1;4;1049.88;196.71;301.86;28.8;51.23;3.8;2;70;
