#-----------------------------------------------------------------------------
# Date d'extraction : 23/09/2025 - 14h18 loc.
#-----------------------------------------------------------------------------
# Producteur : MF_DCSC
# Experience : TRACC2023_DISTRIBUTION
# Modele     : Q50
#-----------------------------------------------------------------------------
# Niveaux de réchauffement :
#     REF : Référence
#-----------------------------------------------------------------------------
# Type d'indice : annuel
#-----------------------------------------------------------------------------
# Indices : 
#     NORTMm_yr : Température moyenne annuelle (°C)
#     NORTMm_seas_JJA : Température moyenne en été (°C)
#     NORTMm_seas_DJF : Température moyenne en hiver (°C)
#     NORTXm_seas_JJA : Température maximale en été (°C)
#     NORTX35D_yr : Nombre de jours avec Tx >= 35°C (jour(s))
#     NORTX30D_yr : Nombre de jours avec Tx >= 30°C (jour(s))
#     NORTR_yr : Nombre de nuits tropicales (jour(s))
#     NORRR_yr : Cumul de précipitations annuelles (mm)
#     NORRR_seas_JJA : Cumul de précipitations en été (mm)
#     NORRR_seas_DJF : Cumul de précipitations en hiver (mm)
#     NORRRq99_yr : Cumul de précipitations quotidiennes remarquables (percentile 99 du cumul  quotidien) (mm)
#     NORRx1d_yr : Intensité des précipitations extrêmes (max annuel des  précipitations totales) (mm)
#     NORRRq99refD_yr : Fréquence des précipitations quotidienne remarquables (jour(s))
#     NORIFM40_yr : Indicateur feux météo nombre de jours supérieurs à 40 (jour(s))
#     NORSWI04_yr : Nombre de jours avec SWI < 0.4 (jour(s))
#-----------------------------------------------------------------------------
# Format des enregistrements 
Point;Latitude;Longitude;Niveau;NORTMm_yr;NORTMm_seas_JJA;NORTMm_seas_DJF;NORTXm_seas_JJA;NORTX35D_yr;NORTX30D_yr;NORTR_yr;NORRR_yr;NORRR_seas_JJA;NORRR_seas_DJF;NORRRq99_yr;NORRx1d_yr;NORRRq99refD_yr;NORIFM40_yr;NORSWI04_yr;
2612;42.8133;-0.5431;REF;5.9;12.89;-0.2;16.05;0;0;0;1815.69;318.72;508.24;47.93;78.28;3.7;0;24;
2613;42.8159;-0.4456;REF;4.58;11.57;-1.39;14.29;0;0;0;1940.54;341.95;541.39;51.27;82.35;3.6;0;27;
2754;42.8824;-0.6444;REF;6.54;13.44;0.49;16.61;0;0;0.1;2125.79;345.75;646.91;57.69;91.44;3.6;0;22;
2755;42.8851;-0.5467;REF;7.19;14.09;1.07;17.47;0;0.1;0.3;2055.9;331.49;617.76;55.05;87.11;3.6;0;21;
2756;42.8877;-0.4491;REF;5.89;12.79;-0.09;15.71;0;0;0.1;2193.48;354.06;667.17;57.25;90.06;3.7;0;16;
2757;42.8902;-0.3514;REF;4.21;11.21;-1.73;13.85;0;0;0;1979.01;347.18;553.8;53.3;85.4;3.6;0;19;
2897;42.9543;-0.6481;REF;8.87;15.8;2.57;19.61;0;1.4;0.9;1862.36;304.62;568;49.41;84.93;3.6;0;31;
2898;42.9569;-0.5503;REF;7.72;14.65;1.53;18.16;0;0.3;0.5;1993.44;322.91;604.69;53.19;90.34;3.6;0;20;
2899;42.9595;-0.4525;REF;7.83;14.75;1.62;18.29;0;0.4;0.6;1982;327.64;601.6;52.76;89.72;3.6;0;25;
2900;42.962;-0.3547;REF;6.49;13.39;0.44;16.54;0;0;0.1;2143.08;348.1;650.04;57.67;95.68;3.7;0;23;
3035;43.0113;-1.1411;REF;9.14;15.72;3.15;18.74;0;0.7;2;2037.25;345.15;596.61;53.83;83.73;3.7;0;14;
3036;43.0144;-1.0433;REF;8.2;14.8;2.25;17.62;0;0.3;1.5;2143.8;364.91;627.16;57.51;87.97;3.6;0;13;
3037;43.0175;-0.9454;REF;10.1;16.62;4.06;19.88;0;1.9;2.3;1898.98;324.26;556.02;51.16;79.34;3.7;0;16;
3038;43.0204;-0.8475;REF;10.12;16.64;4.08;19.93;0;1.8;2.3;1902.97;325.96;555.72;51.22;80.56;3.6;0;15;
3039;43.0233;-0.7497;REF;9.12;15.7;3.13;18.73;0;0.7;2;2044.12;349.49;596.35;54.5;86.19;3.6;0;14;
3040;43.0261;-0.6518;REF;10.31;17.23;3.94;21.27;0.1;3.7;1.5;1709.05;277.9;517.22;46.44;79.61;3.6;0;32;
3041;43.0288;-0.5539;REF;9.03;15.96;2.71;19.81;0;1.5;0.9;1857.07;302.57;567.57;49.92;87.98;3.6;0;27;
3042;43.0313;-0.456;REF;9.09;16.02;2.77;19.88;0;1.5;1;1841.54;299.08;560.72;49.3;85.76;3.7;0;29;
3043;43.0339;-0.3581;REF;7.89;14.82;1.67;18.38;0;0.4;0.6;1984.28;323.84;600.32;53.06;92.75;3.7;0;26;
3175;43.0731;-1.4392;REF;10.91;17.38;4.87;20.91;0.1;3.6;2.6;1799.3;306.59;526.13;48.16;72.77;3.7;0;26;
3177;43.0799;-1.2434;REF;10.32;16.84;4.29;20.18;0;2.1;2.4;1874.28;321.03;546.97;50.28;78.52;3.7;0;17;
3178;43.0831;-1.1454;REF;11.08;17.53;5.05;21.13;0.1;4;2.7;1769.54;303.66;515.6;47.52;73.63;3.7;0;25;
3179;43.0862;-1.0475;REF;9.6;16.17;3.6;19.31;0;1.1;2.1;1968.07;336.2;576.73;52.93;80.4;3.7;0;15;
3180;43.0893;-0.9495;REF;11.08;17.54;5.04;21.14;0.1;4;2.7;1774.41;303.49;517.41;47.43;73.63;3.6;0;19;
3181;43.0922;-0.8515;REF;12.13;18.34;6.18;22.22;0.5;7;2.9;1594.34;278.49;454.29;40.83;64.7;3.6;0;27;
3182;43.0951;-0.7535;REF;11.88;18.1;5.94;21.85;0.4;6;3;1629.91;286.02;464.07;41.48;68.14;3.7;0;24;
3183;43.0979;-0.6555;REF;11.56;18.19;5.32;22.07;0.4;6.1;2.5;1409.32;282.09;366.72;35.92;58.18;3.6;0;21;
3184;43.1006;-0.5575;REF;11.27;18.22;4.87;22.29;0.2;5.6;2.6;1621.6;265.19;493.18;44.12;79.93;3.6;0;37;
3185;43.1032;-0.4595;REF;11.05;17.61;4.93;21.25;0.3;4.7;2.4;1475.19;293.51;386.43;38;64.54;3.6;0;21;
3186;43.1057;-0.3615;REF;11.36;17.96;5.19;21.74;0.4;5.5;2.5;1435.28;285.09;374.92;36.71;63.38;3.6;0;28;
3187;43.1081;-0.2634;REF;11.74;18.38;5.48;22.34;0.5;6.8;2.4;1388.75;275.64;363.23;35.45;59.01;3.6;0;28;
3319;43.1483;-1.3459;REF;11.7;18.12;5.64;21.95;0.4;6.2;2.7;1695.17;287.88;494.43;46.1;70.39;3.7;0;26;
3320;43.1517;-1.2479;REF;12.7;19.06;6.56;23.36;1;10.1;3.1;1547.95;264.32;450;41.97;66.08;3.6;0;51;
3321;43.1549;-1.1498;REF;12.09;18.31;6.14;22.18;0.5;6.9;2.9;1599.62;279.61;457.3;40.36;63.94;3.6;0;23;
3322;43.158;-1.0517;REF;11.27;17.72;5.22;21.39;0.2;4.7;2.8;1744.07;299.35;509.38;47.37;72.76;3.7;0;17;
3323;43.1611;-0.9536;REF;12.12;18.33;6.14;22.21;0.5;7;2.8;1592.32;279.61;452.46;40.47;62.7;3.6;0;30;
3324;43.164;-0.8555;REF;12.23;18.43;6.28;22.39;0.5;7.5;2.9;1578.07;275.78;449.55;40.44;63.36;3.6;0;30;
3325;43.1669;-0.7574;REF;12.33;18.53;6.35;22.54;0.6;7.9;2.8;1561.78;273.45;446.08;39.63;63.42;3.6;0;27;
3326;43.1697;-0.6593;REF;12.57;19.32;6.15;23.67;1.2;11.3;3;1293.36;257.03;339.47;33.14;54.66;3.6;0;36;
3327;43.1724;-0.5611;REF;12.51;19.26;6.1;23.6;1.1;11.1;2.9;1299.6;257.13;340.54;33.33;54.79;3.6;0;32;
3328;43.175;-0.463;REF;12.29;19;5.92;23.25;1;9.5;2.6;1324.64;260.34;348.11;33.51;55.17;3.6;0;38;
3329;43.1775;-0.3648;REF;12.27;18.99;5.91;23.22;1;9.5;2.6;1322.46;261.53;347.11;33.55;54.51;3.6;0;45;
3330;43.1799;-0.2667;REF;12.55;19.3;6.13;23.64;1.2;11.3;2.9;1292.91;255.68;340.86;32.84;53.36;3.7;0;30;
3331;43.1823;-0.1685;REF;12.15;18.84;5.81;23.01;0.9;9;2.5;1337.93;266.66;351.99;34.32;56.16;3.7;0;24;
3332;43.1845;-0.0703;REF;11.64;18.45;5.19;22.06;0.3;6.3;5.2;1062.93;214.34;275.6;29.97;53.3;3.6;0;47;
3462;43.2201;-1.3505;REF;12.04;18.45;5.95;22.45;0.5;7.5;2.8;1643.05;278.26;479.56;44.48;69.59;3.6;0;34;
3463;43.2235;-1.2523;REF;12.79;19.16;6.64;23.46;1;10.4;3.3;1536.55;262.77;446.05;41.79;63.94;3.6;0;45;
3464;43.2267;-1.1541;REF;12.52;18.71;6.51;22.82;0.7;8.5;2.9;1536.2;270.6;438.62;39.2;61.09;3.6;0;38;
3465;43.2298;-1.0559;REF;12.84;19.06;6.8;23.19;0.8;9.3;3.5;1503.06;264.54;427.86;38.48;59.89;3.6;0;46;
3466;43.2329;-0.9577;REF;12.84;19.06;6.8;23.19;0.9;9.3;3.3;1497.23;263.6;427.44;38.31;59.37;3.6;0;49;
3467;43.2359;-0.8595;REF;12.97;19.2;6.92;23.35;0.9;9.8;3.6;1483.46;260.96;422.92;37.95;58.94;3.6;0;40;
3468;43.2387;-0.7613;REF;12.92;19.15;6.87;23.29;0.9;9.7;3.5;1490.8;261.37;424.64;37.83;58.08;3.6;0;40;
3469;43.2415;-0.663;REF;13.04;19.85;6.54;24.26;1.2;12.9;4.2;1252.32;249.52;326.54;31.74;51.15;3.6;0;32;
3470;43.2442;-0.5647;REF;12.65;19.42;6.21;23.77;1.2;11.7;3;1284.4;255.71;334.27;32.63;52.17;3.6;0;38;
3471;43.2468;-0.4665;REF;12.76;19.54;6.31;23.92;1.2;11.9;3.5;1276.95;253.47;331.92;32.3;51.33;3.7;0;42;
3472;43.2494;-0.3682;REF;12.72;19.49;6.28;23.86;1.2;11.8;3.2;1279.66;252.94;336.79;32.5;53.29;3.7;0;32;
3473;43.2518;-0.2699;REF;12.79;19.57;6.33;23.94;1.2;12.1;3.3;1273.79;251.84;335.47;32.34;52.73;3.7;0;32;
3474;43.2541;-0.1716;REF;12.27;18.99;5.91;23.23;1;9.7;2.6;1320.48;262.91;348.07;33.45;52.77;3.6;0;26;
3475;43.2564;-0.0733;REF;11.75;18.62;5.25;22.34;0.5;7;5.1;1052.52;210.76;270.05;29.42;48.93;3.6;0;45;
3604;43.2885;-1.4534;REF;12.17;18.39;6.19;22.3;0.5;7.2;2.8;1588.98;277.52;454.18;40.34;63.18;3.6;0;18;
3605;43.2919;-1.3551;REF;12.71;18.92;6.68;23.04;0.8;9.1;3.2;1520.88;266.25;433.15;38.73;61.86;3.6;0;38;
3606;43.2953;-1.2568;REF;12.46;18.66;6.45;22.75;0.7;8.3;2.9;1544.74;270.02;440.01;39.34;60.46;3.6;0;47;
3607;43.2985;-1.1585;REF;13.18;19.43;7.11;23.6;0.9;10.2;4.2;1459.85;257.04;416.76;37.35;58.09;3.6;0;52;
3608;43.3017;-1.0602;REF;13.52;19.8;7.42;24.02;1;11.4;5.2;1424.16;250.62;406.53;36.34;57.12;3.7;0;50;
3609;43.3047;-0.9618;REF;13.51;19.78;7.4;24;1.1;11.4;5.1;1429.48;248.5;406.19;36.58;55.66;3.6;0;53;
3610;43.3077;-0.8635;REF;13.42;19.69;7.33;23.89;1.1;11.2;4.8;1433.48;250.69;408.74;36.35;55.57;3.6;0;41;
3611;43.3106;-0.7651;REF;13.41;20.27;6.86;24.74;1.4;14.8;5.4;1219.85;243.18;319.49;30.83;47.61;3.6;0;36;
3612;43.3134;-0.6668;REF;12.99;19.8;6.5;24.2;1.2;12.7;4;1256.08;250.23;327.53;31.89;51.2;3.6;0;47;
3613;43.3161;-0.5684;REF;13.25;20.09;6.73;24.53;1.3;14.1;4.7;1233.61;245.85;322.02;31.23;49.22;3.6;0;42;
3614;43.3187;-0.47;REF;13.25;20.09;6.73;24.53;1.3;14;4.7;1233.69;245.85;322.42;31.22;49.22;3.6;0;34;
3615;43.3212;-0.3716;REF;13.09;19.91;6.59;24.33;1.2;13.2;4.3;1246.87;248.59;325.92;31.67;50.28;3.6;0;45;
3616;43.3236;-0.2732;REF;12.65;19.41;6.21;23.78;1.1;11.7;3.1;1279.97;255.68;335.78;32.68;51.33;3.6;0;27;
3617;43.326;-0.1748;REF;12.1;18.79;5.66;22.65;0.8;7.9;4.5;1104.91;212.83;293.06;29.71;46.6;3.6;0;39;
3618;43.3282;-0.0764;REF;11.95;18.89;5.34;22.82;0.7;8.5;4.4;1023.92;206.16;263.56;28.71;46.14;3.6;0;43;
3744;43.3495;-1.7534;REF;13.9;19.55;8.32;22.63;0.3;5.9;8.9;1386.94;257.38;376.21;38.91;63.3;3.7;0;36;
3745;43.3532;-1.655;REF;13.85;19.49;8.26;22.56;0.3;5.8;8.4;1392.69;256.27;379.82;38.93;61.88;3.6;0;34;
3746;43.3568;-1.5566;REF;13.91;19.56;8.31;22.63;0.3;5.9;8.7;1386.49;255.29;377.89;38.64;61.69;3.6;0;55;
3747;43.3603;-1.4582;REF;13.82;20.12;7.68;24.39;1.2;12.3;6.6;1402.76;244.7;400.45;35.93;56.91;3.6;0;56;
3748;43.3637;-1.3598;REF;13.28;19.55;7.19;23.73;1;10.6;4.4;1452.72;253.58;415.99;37.23;58.17;3.7;0;54;
3749;43.3671;-1.2613;REF;13.48;19.76;7.37;23.98;1.1;11.3;5.1;1431.21;249.8;409.25;36.77;57.12;3.7;0;57;
3750;43.3703;-1.1629;REF;13.45;19.73;7.35;23.94;1.1;11.3;5;1433.8;250.19;409.73;36.83;56.08;3.6;0;57;
3751;43.3735;-1.0644;REF;13.86;20.16;7.71;24.44;1.2;12.6;6.8;1392.82;242.8;398.88;35.85;54.85;3.6;0;51;
3752;43.3765;-0.966;REF;13.33;19.85;6.98;24.38;1.4;13.2;4.6;1282.97;223.67;363.65;34.6;51.1;3.6;0;34;
3753;43.3795;-0.8675;REF;13.11;19.6;6.8;24.03;1.2;12.1;4.4;1304.6;228.18;369.75;35.01;51.52;3.6;0;45;
3754;43.3824;-0.769;REF;13.39;20.25;6.84;24.71;1.4;14.6;5.2;1219.99;243.03;320.2;30.87;47.66;3.7;0;47;
3755;43.3852;-0.6705;REF;13.51;20.38;6.94;24.85;1.4;15.3;5.8;1210.45;241.24;316.39;30.93;47.11;3.6;0;53;
3756;43.3879;-0.572;REF;13.61;20.5;7.04;24.98;1.4;15.6;6.2;1202.11;239.99;314.47;30.74;46.9;3.6;0;39;
3757;43.3905;-0.4735;REF;12.98;19.88;6.32;24.19;1.2;12.3;4.9;1031.8;198.5;273.04;27.89;44.13;3.7;0;50;
3758;43.393;-0.375;REF;12.78;19.63;6.16;23.84;1.1;11.2;4.7;1045.11;201.3;278.08;28.31;44.23;3.7;0;45;
3759;43.3955;-0.2765;REF;12.49;19.28;5.95;23.37;1;10.1;4.4;1067.26;205.51;284.84;28.64;45.66;3.6;0;48;
3760;43.3978;-0.1779;REF;12.31;19.05;5.81;23.08;0.9;9.3;4.4;1082.79;208.73;285.74;29.06;46.15;3.7;0;38;
3761;43.4001;-0.0794;REF;12.37;19.13;5.85;23.17;1;9.5;4.5;1078.35;206.54;286.02;29.25;45.28;3.7;0;36;
3889;43.4286;-1.5615;REF;14.2;19.86;8.57;22.99;0.4;6.7;10.5;1357.31;252.61;367.53;37.72;59.7;3.7;0;39;
3890;43.4321;-1.4629;REF;14.17;19.83;8.54;22.95;0.4;6.7;10.3;1359.73;253.03;368.19;37.92;59.79;3.7;0;49;
3891;43.4356;-1.3644;REF;13.47;20.02;7.09;24.6;1.5;13.8;5.2;1272.55;224.3;357.64;33.88;51.95;3.6;0;62;
3892;43.4389;-1.2658;REF;13.51;20.07;7.13;24.68;1.5;14.2;5.4;1268.01;223.21;356.32;33.77;51.91;3.6;0;85;
3893;43.4421;-1.1673;REF;13.43;19.97;7.05;24.54;1.5;13.8;5.1;1274.74;223.47;358.8;34.14;51.54;3.7;0;65;
3894;43.4453;-1.0687;REF;13.48;20.02;7.09;24.62;1.4;14.1;5;1267.17;222.74;357.88;34.02;50.64;3.7;0;51;
3895;43.4484;-0.9701;REF;13.47;20.01;7.08;24.6;1.4;14;5;1268.32;222.94;358.96;34.12;50.68;3.7;0;52;
3896;43.4514;-0.8715;REF;13.15;19.65;6.83;24.09;1.3;12.4;4.7;1302.38;226.78;367.7;34.76;50.4;3.7;0;51;
3897;43.4542;-0.7729;REF;13.29;19.81;6.95;24.32;1.3;13;4.9;1286.44;224.29;363.47;34.26;49.48;3.7;0;45;
3898;43.457;-0.6743;REF;13.37;20.34;6.62;24.84;1.3;14.7;5.4;1002.55;192.17;266.14;26.91;42.01;3.6;0;67;
3899;43.4597;-0.5757;REF;13.16;20.09;6.46;24.48;1.2;13;5.1;1017.11;194.72;269.04;27.13;43.21;3.7;0;56;
3900;43.4624;-0.477;REF;13.12;20.05;6.43;24.42;1.2;12.9;5.1;1020.6;196.47;270.31;27.61;43.86;3.6;0;52;
3901;43.4649;-0.3784;REF;12.85;19.71;6.22;23.96;1.1;11.6;4.7;1039.45;200.25;276.67;28.12;44.03;3.7;0;50;
3902;43.4673;-0.2797;REF;12.71;19.55;6.12;23.73;1.1;10.9;4.6;1050.12;202.36;279.95;28.2;45.09;3.6;0;54;
3903;43.4697;-0.1811;REF;12.7;19.53;6.11;23.71;1.1;10.8;4.6;1050.86;202.4;280.09;28.23;45.12;3.7;0;50;
3904;43.4719;-0.0824;REF;12.64;19.46;6.06;23.61;1;10.6;4.6;1054.49;202.59;281.01;28.38;44.77;3.7;0;47;
4033;43.5039;-1.4677;REF;14.34;20.02;8.7;23.18;0.4;7.1;11.5;1343.79;250.1;363.7;37.37;59.01;3.6;0;44;
4036;43.514;-1.1717;REF;13.72;20.3;7.29;25.01;1.6;15.6;5.8;1244.6;220.48;351.52;33.35;49.81;3.7;0;61;
4038;43.5202;-0.9743;REF;13.48;20.18;6.84;24.72;0.8;13.9;6.8;1227.37;216.9;347.39;32.42;50.2;3.7;0;49;
4039;43.5232;-0.8756;REF;13.39;19.93;7.02;24.49;1.4;13.6;4.9;1276.63;223.38;360.86;34;51.27;3.6;0;47;
4040;43.5261;-0.7768;REF;13.23;19.74;6.9;24.21;1.3;12.9;4.8;1290.97;225.43;365.36;34.39;49.69;3.6;0;42;
4041;43.5289;-0.6781;REF;13.44;20.43;6.68;24.95;1.3;15;5.6;995.89;191.22;264.58;26.83;41.85;3.6;0;65;
4042;43.5316;-0.5793;REF;13.33;20.3;6.6;24.77;1.3;14.4;5.3;1002.71;192.31;266.03;26.88;41.85;3.6;0;57;
4043;43.5342;-0.4806;REF;13.23;20.17;6.52;24.59;1.2;13.5;5.3;1007.58;194.51;270.22;27.13;42.98;3.7;0;62;
4044;43.5367;-0.3818;REF;13.02;19.92;6.35;24.24;1.2;12.4;5;1024.72;197.08;274.39;27.55;43.63;3.7;0;54;
4045;43.5392;-0.283;REF;12.92;19.8;6.28;24.08;1.2;11.9;4.9;1034.14;198.79;276.26;27.83;42.78;3.6;0;48;
4046;43.5415;-0.1843;REF;12.99;19.88;6.33;24.19;1.2;12.2;4.9;1029.54;197.85;274.75;27.62;43.24;3.6;0;41;
4047;43.5438;-0.0855;REF;12.94;19.82;6.29;24.1;1.2;11.8;4.9;1032.89;198.66;275.81;27.68;43.36;3.7;0;45;
